Información del laberinto: 
Número de filas: 14
Número de columnas: 18
Entrada en: [13, 11]
Salida en: [0, 15]
Mapa del laberinto:

1 1 1 1 1 1 1 1 1 1 1 1 1 1 1 4 1 1 
1 0 0 1 0 0 0 0 0 0 0 0 0 0 0 0 0 1 
1 0 0 0 0 0 0 0 0 0 1 1 1 1 1 1 0 1 
1 0 0 0 0 1 0 0 0 0 0 0 0 0 0 1 0 1 
1 0 0 0 0 1 0 0 0 0 0 0 0 0 0 1 0 1 
1 0 0 0 0 1 0 0 0 0 0 0 0 0 0 1 0 1 
1 0 0 0 0 0 0 0 0 0 0 0 0 0 0 1 0 1 
1 0 0 0 0 0 0 0 0 0 0 0 0 0 0 0 0 1 
1 0 0 0 0 0 0 0 0 0 0 0 0 0 0 0 0 1 
0 0 1 1 1 1 1 1 1 1 1 1 1 1 1 1 1 1 
1 0 0 0 0 0 0 0 0 0 0 0 0 0 0 0 0 1 
1 0 0 0 0 0 0 0 0 0 0 0 0 0 0 0 0 1 
1 0 0 0 0 0 0 0 0 0 0 0 0 0 0 0 0 1 
1 1 1 1 1 1 1 1 1 1 1 3 1 1 1 1 1 1 

Solución:
Laberinto con el camino planificado:
1 1 1 1 1 1 1 1 1 1 1 1 1 1 1 4 1 1 
1 0 0 1 0 0 0 0 0 0 . . . . . 0 0 1 
1 0 0 0 0 0 0 0 0 . 1 1 1 1 1 1 0 1 
1 0 0 0 0 1 0 0 . 0 0 0 0 0 0 1 0 1 
1 0 0 0 0 1 0 . 0 0 0 0 0 0 0 1 0 1 
1 0 0 0 0 1 . 0 0 0 0 0 0 0 0 1 0 1 
1 0 0 0 . . 0 0 0 0 0 0 0 0 0 1 0 1 
1 0 0 . 0 0 0 0 0 0 0 0 0 0 0 0 0 1 
1 0 . 0 0 0 0 0 0 0 0 0 0 0 0 0 0 1 
0 . 1 1 1 1 1 1 1 1 1 1 1 1 1 1 1 1 
1 0 . . . . . . . 0 0 0 0 0 0 0 0 1 
1 0 0 0 0 0 0 0 0 . 0 0 0 0 0 0 0 1 
1 0 0 0 0 0 0 0 0 0 . 0 0 0 0 0 0 1 
1 1 1 1 1 1 1 1 1 1 1 3 1 1 1 1 1 1 

Coste acumulado hasta el momento: 0
Laberinto con el camino planificado:
0 0 0 0 0 0 0 0 1 0 1 1 0 1 . 4 0 0 
0 0 0 0 0 0 0 0 0 0 0 1 0 . 1 1 1 0 
0 0 0 1 0 1 0 1 0 1 0 0 0 . 0 0 0 1 
0 0 0 0 0 1 0 0 0 0 1 0 . 0 0 1 0 0 
0 0 1 0 1 0 0 0 0 0 0 . 1 1 1 1 0 0 
1 0 0 0 0 1 0 0 1 0 . 0 0 0 0 0 0 0 
0 1 0 0 0 0 0 0 0 . 1 1 1 0 1 0 1 0 
1 1 0 1 1 1 0 0 . 1 0 0 0 0 0 0 0 0 
0 0 1 0 0 0 0 0 . 1 1 0 1 0 0 0 0 0 
1 0 0 0 0 0 0 0 1 . 1 1 0 0 0 1 0 0 
1 0 0 0 0 0 0 0 1 0 . 1 1 0 0 0 0 0 
1 0 1 0 0 0 0 1 0 0 . 1 0 1 0 0 0 0 
0 0 0 0 0 1 1 0 0 0 . 0 0 1 1 0 0 0 
0 0 0 1 1 1 0 0 0 0 0 3 1 0 0 0 0 0 

Coste acumulado hasta el momento: 7
Laberinto con el camino planificado:
1 0 0 1 1 0 0 0 0 0 1 0 0 0 0 4 0 0 
0 0 0 0 0 0 1 1 0 0 1 1 0 0 0 . 0 0 
0 0 0 0 0 0 1 0 0 1 0 0 0 0 0 . 0 1 
1 0 0 0 0 0 0 0 1 1 0 0 1 1 1 . 1 0 
0 1 0 1 0 0 0 0 0 1 0 0 0 0 0 . 1 0 
0 0 0 0 1 0 0 1 0 0 0 0 0 1 0 . 0 0 
1 0 0 0 0 1 0 1 0 0 0 0 0 1 . 0 0 0 
0 0 0 0 0 1 0 0 1 1 0 1 . . 0 0 0 0 
0 1 0 0 0 0 1 0 1 1 0 . 1 1 1 0 1 0 
0 0 0 1 1 0 0 1 1 0 0 . 0 0 1 0 0 1 
0 0 0 0 0 1 1 0 0 0 1 . 1 0 0 0 0 0 
0 0 0 0 0 1 0 0 1 0 . 0 1 0 0 0 0 0 
1 0 0 1 1 0 1 0 0 0 ■ 0 0 0 0 0 1 1 
0 0 0 0 1 0 0 1 0 0 0 3 0 0 0 0 0 1 

Coste acumulado hasta el momento: 12
Laberinto con el camino planificado:
0 0 0 0 0 0 0 0 0 0 0 1 0 0 0 4 0 0 
0 0 0 1 0 0 1 0 0 1 1 0 0 0 0 . 0 1 
0 0 0 1 1 0 0 0 0 0 1 0 0 0 1 . 0 0 
0 0 1 1 1 0 0 0 0 0 0 0 0 0 . 1 1 1 
1 1 0 0 0 0 1 0 0 0 0 0 0 0 . 0 1 0 
1 0 0 1 0 0 0 0 0 0 0 1 0 0 . 0 0 1 
0 0 0 0 1 1 0 0 0 0 0 0 1 1 . 0 1 0 
0 0 0 0 0 0 0 0 0 1 0 1 0 . 1 0 0 0 
0 0 1 0 0 0 1 0 0 1 0 1 0 . 0 1 0 0 
1 0 0 0 1 0 1 0 0 0 1 0 . 1 1 0 0 0 
0 0 0 0 0 0 0 0 0 0 0 . 1 0 1 0 0 0 
1 1 0 0 1 0 1 1 0 0 ■ 0 0 1 0 1 0 0 
0 1 0 0 0 0 0 1 0 0 ■ 0 0 0 0 0 0 1 
0 0 0 0 0 0 1 0 0 1 1 3 0 0 0 1 1 0 

Coste acumulado hasta el momento: 19
Laberinto con el camino planificado:
0 0 0 0 0 0 0 1 0 1 0 0 0 1 0 4 1 0 
0 0 0 0 0 0 0 0 0 0 0 0 1 0 0 . 1 0 
1 1 0 0 0 1 0 1 0 1 0 0 0 1 1 . 0 1 
0 0 1 0 1 0 0 0 1 0 0 0 1 1 1 1 . 0 
0 0 0 0 0 0 1 0 0 1 1 0 1 0 0 1 1 . 
0 0 0 1 1 0 0 0 1 0 1 1 0 0 1 0 . 0 
1 0 0 0 0 0 0 0 0 0 0 0 1 1 0 . 0 0 
1 0 1 0 0 0 0 0 0 0 0 0 1 0 . 0 0 0 
0 0 1 1 1 0 1 0 0 0 0 0 0 . 1 0 0 0 
1 1 0 0 0 0 1 0 0 0 0 0 . 0 1 0 0 0 
1 0 0 1 0 0 0 0 0 1 0 ■ 1 0 0 0 0 0 
1 1 0 0 0 1 0 0 0 1 ■ 0 0 1 0 0 0 0 
0 0 0 0 0 0 0 0 0 0 ■ 1 0 0 0 0 0 0 
0 1 0 0 0 0 0 0 0 0 1 3 0 1 0 0 0 1 

Coste acumulado hasta el momento: 26
Laberinto con el camino planificado:
0 0 0 0 1 1 0 0 0 0 0 1 0 0 0 4 1 0 
0 0 1 0 0 0 0 0 0 0 0 0 1 0 0 . 1 0 
0 1 1 0 0 0 0 0 1 0 0 1 0 0 . 1 0 0 
1 0 0 1 0 0 0 1 0 0 1 0 0 0 . 0 0 1 
0 1 0 0 0 1 1 0 0 1 0 1 0 0 . 0 0 1 
1 1 0 1 1 0 1 0 0 0 0 0 0 . 1 1 0 0 
0 0 0 0 1 0 0 0 1 0 0 0 0 1 . 0 0 1 
0 0 0 0 0 0 0 0 1 1 0 0 0 0 . 0 0 0 
0 0 1 0 1 0 0 0 0 0 0 1 0 . 0 1 1 1 
0 0 0 0 0 0 0 0 0 1 0 1 ■ 0 0 0 0 1 
0 0 1 0 1 0 1 0 0 1 0 ■ 1 1 0 0 0 0 
0 1 0 0 1 0 0 0 0 1 ■ 0 0 1 0 1 0 0 
0 1 1 0 0 0 0 0 0 0 ■ 0 1 0 1 0 0 0 
0 0 0 0 0 0 1 0 0 0 0 3 1 0 0 0 1 0 

Coste acumulado hasta el momento: 33
Laberinto con el camino planificado:
0 0 1 0 0 0 0 0 0 0 0 0 0 0 0 4 0 1 
1 0 0 0 0 0 0 1 0 0 0 0 0 0 1 1 . 0 
0 1 1 0 1 0 0 0 0 1 1 0 1 1 1 1 . 0 
0 0 0 0 0 1 1 0 0 0 0 0 0 0 1 1 . 0 
0 0 0 0 1 1 0 0 0 0 1 0 0 0 0 1 . 0 
1 1 0 0 1 0 0 0 0 0 1 0 1 0 0 1 . 1 
0 0 1 0 0 0 1 0 0 1 1 1 0 0 0 . 1 1 
1 0 0 0 0 0 0 0 0 0 0 0 0 0 . 0 0 0 
0 0 0 1 0 1 1 0 1 0 1 1 0 ■ 0 0 1 0 
0 0 1 0 0 0 0 0 0 0 0 0 ■ 0 1 0 0 1 
0 0 0 0 0 0 0 0 0 1 0 ■ 0 0 1 0 0 0 
1 0 0 0 0 0 0 1 0 0 ■ 0 0 0 0 0 0 0 
0 0 0 1 1 1 0 0 1 0 ■ 0 0 0 0 0 0 0 
0 0 0 0 0 1 0 1 1 0 1 3 0 0 0 0 1 1 

Coste acumulado hasta el momento: 40
Laberinto con el camino planificado:
0 0 0 0 0 1 1 0 0 0 1 1 0 1 0 4 1 1 
0 0 0 0 0 0 0 1 1 0 0 0 0 0 1 . 0 0 
1 0 1 0 0 0 0 0 0 0 0 0 0 0 0 . 0 0 
0 0 1 0 1 0 0 1 0 0 1 0 0 0 0 . 0 0 
0 0 0 1 0 1 0 1 0 0 0 0 0 0 0 . 1 0 
0 0 0 1 0 0 0 1 0 1 0 0 0 1 . 1 1 1 
1 1 0 1 0 0 0 0 0 1 0 0 0 0 1 . 0 0 
0 0 0 0 1 0 0 1 0 0 0 1 0 1 ■ 0 0 0 
0 0 0 0 0 0 0 1 0 0 0 0 0 ■ 1 1 0 0 
0 0 1 1 0 0 0 0 0 0 0 0 ■ 0 1 0 0 0 
1 0 1 0 0 0 0 1 0 0 0 ■ 0 0 1 0 1 0 
1 0 0 0 0 0 0 0 0 1 ■ 0 0 0 0 1 0 0 
1 0 1 1 0 1 1 0 0 1 ■ 0 0 1 1 0 0 0 
0 0 0 0 0 0 0 0 0 0 0 3 0 0 0 1 1 1 

Coste acumulado hasta el momento: 47
Laberinto con el camino planificado:
0 1 0 1 0 1 0 0 0 0 1 1 0 0 0 4 0 0 
0 1 0 0 1 0 0 0 1 0 0 0 1 0 1 . 0 0 
0 0 0 0 1 0 1 1 0 1 0 0 0 0 1 . 0 0 
0 0 0 0 0 0 0 0 0 0 0 0 0 0 0 1 . 0 
0 0 0 1 0 0 0 0 1 0 1 0 1 1 1 1 . 0 
0 0 1 0 0 0 0 0 0 0 1 1 1 0 . . 0 0 
1 0 0 0 1 0 0 0 1 0 0 0 0 1 0 ■ 1 0 
0 1 0 0 0 0 0 0 0 0 0 0 0 1 ■ 0 0 1 
0 1 0 0 0 1 0 0 0 0 0 0 1 ■ 0 0 0 0 
0 0 0 0 0 1 0 1 1 0 0 0 ■ 0 0 0 0 1 
0 0 0 0 0 0 0 0 0 0 0 ■ 0 1 1 0 1 0 
0 0 0 0 1 0 0 1 0 0 ■ 1 0 1 1 0 1 0 
0 0 0 0 1 1 0 0 0 0 ■ 0 1 0 1 0 0 0 
0 1 0 0 0 1 1 0 0 0 1 3 0 0 1 0 0 0 

Coste acumulado hasta el momento: 54
Laberinto con el camino planificado:
0 0 1 0 0 0 0 0 0 0 1 1 0 0 1 4 1 0 
0 0 0 0 0 0 0 1 1 0 0 1 0 0 0 . 0 1 
0 1 0 1 1 0 0 0 1 0 0 0 0 0 0 . 1 1 
0 1 0 0 0 0 0 1 0 0 0 1 0 0 0 . 0 0 
0 0 0 0 0 1 0 0 1 1 1 1 0 0 0 . 0 0 
1 0 1 0 0 1 0 0 0 0 0 1 1 1 ■ . 0 0 
0 0 0 0 1 0 1 0 0 0 0 0 0 0 0 ■ 0 1 
0 1 0 0 1 0 0 0 1 1 0 0 1 1 ■ 1 0 1 
0 1 0 0 0 0 0 0 1 0 0 0 1 ■ 0 0 0 0 
0 1 0 0 1 0 0 0 0 0 1 0 ■ 0 0 1 0 0 
0 0 0 0 0 0 0 0 1 0 0 ■ 0 0 0 0 0 0 
0 0 0 0 0 0 0 0 0 1 ■ 0 1 0 0 1 0 0 
0 0 1 1 1 0 0 0 0 0 ■ 1 0 0 0 0 1 1 
0 0 0 0 0 0 0 1 0 0 1 3 1 0 1 0 0 1 

Coste acumulado hasta el momento: 59
Laberinto con el camino planificado:
0 0 0 0 0 1 0 0 0 0 0 0 0 0 1 4 0 0 
1 0 0 0 0 1 0 0 0 1 0 0 0 0 . 1 1 0 
1 0 0 0 0 0 0 1 0 0 1 1 1 0 . 0 0 0 
0 0 0 1 0 0 0 0 0 0 1 0 0 1 . 1 0 0 
0 1 1 0 0 0 1 0 0 0 0 0 0 0 0 . 0 0 
0 0 0 0 0 0 0 0 1 0 0 0 0 0 ■ ■ 0 0 
0 0 0 1 1 0 0 0 0 0 1 0 0 0 0 ■ 0 1 
1 0 0 0 0 0 1 1 1 0 0 0 1 0 ■ 0 0 1 
0 1 0 0 0 1 0 1 0 0 1 0 0 ■ 0 0 0 0 
0 0 0 0 0 1 1 0 0 0 0 0 ■ 0 1 1 0 0 
0 1 0 0 1 0 1 0 0 1 0 ■ 1 1 0 0 1 1 
1 0 0 0 0 1 1 0 1 1 ■ 1 1 0 1 0 1 0 
0 0 0 0 0 0 0 0 0 1 ■ 0 0 0 0 0 1 0 
0 1 0 0 1 1 1 0 0 0 0 3 0 0 1 0 0 0 

Coste acumulado hasta el momento: 64
Laberinto con el camino planificado:
0 0 0 1 0 0 0 1 0 0 1 0 0 0 0 4 0 0 
0 1 0 1 0 0 0 0 0 0 0 1 1 1 . 0 1 0 
0 1 0 1 0 0 0 0 1 0 0 1 0 . 1 1 0 0 
1 0 1 0 0 0 0 1 0 0 0 1 0 0 . 1 0 0 
0 0 1 1 0 1 0 0 0 0 0 0 0 1 0 ■ 1 0 
0 0 0 0 0 1 1 0 0 0 0 0 1 0 ■ ■ 0 0 
0 1 0 0 0 1 1 1 0 0 1 1 0 0 0 ■ 0 0 
1 1 0 0 1 0 0 0 1 0 0 0 0 0 ■ 0 0 0 
0 0 0 0 0 0 0 0 0 1 1 0 0 ■ 0 0 0 0 
0 1 0 0 0 0 1 0 1 0 1 0 ■ 1 0 0 0 0 
0 0 0 0 1 0 0 1 1 0 0 ■ 0 0 0 1 0 0 
0 0 1 0 0 0 0 0 0 0 ■ 0 1 0 1 0 0 0 
1 0 1 0 0 0 1 0 0 0 ■ 1 1 0 0 1 0 1 
0 0 0 0 1 0 0 0 0 0 0 3 0 0 0 1 1 0 

Coste acumulado hasta el momento: 71
Laberinto con el camino planificado:
1 0 0 0 0 0 0 0 0 1 0 0 0 . . 4 0 0 
0 1 0 0 0 0 0 0 0 0 1 1 . 1 1 1 0 0 
0 0 0 1 0 0 0 0 1 0 0 0 1 . 0 0 0 1 
1 0 0 1 0 0 0 0 0 0 0 0 0 1 ■ 0 1 0 
0 0 0 1 0 0 1 1 0 0 0 0 0 1 0 ■ 0 0 
0 0 0 0 0 1 0 0 0 0 0 0 0 0 ■ ■ 0 0 
0 1 0 0 1 0 0 0 0 0 0 1 0 0 0 ■ 0 0 
1 0 0 0 1 1 0 0 0 1 0 0 1 0 ■ 0 0 0 
1 0 1 0 0 0 0 0 0 0 0 0 0 ■ 0 0 0 0 
0 1 0 0 0 0 0 1 1 0 1 0 ■ 0 1 0 0 1 
1 1 0 0 0 0 1 0 1 1 0 ■ 0 0 0 1 0 0 
1 1 0 1 0 0 0 1 0 0 ■ 0 1 0 0 1 1 1 
0 1 0 0 0 1 0 0 0 0 ■ 1 1 0 0 0 0 0 
1 1 0 0 0 0 0 1 0 1 0 3 0 0 0 0 0 0 

Coste acumulado hasta el momento: 78
Laberinto con el camino planificado:
0 0 0 0 0 0 0 1 1 0 0 1 1 1 . 4 0 0 
1 1 0 0 0 0 1 0 0 0 0 0 . . 1 1 0 0 
0 1 1 1 0 0 0 1 1 0 0 1 0 ■ 0 0 1 0 
0 1 0 0 0 0 0 0 0 0 1 0 0 0 ■ 1 0 1 
1 0 0 0 0 1 0 0 0 0 0 0 0 0 1 ■ 0 0 
1 0 1 1 0 0 0 0 1 0 0 0 0 0 ■ ■ 1 0 
0 0 1 0 1 0 1 0 0 1 0 0 0 1 1 ■ 0 0 
0 0 0 0 0 0 0 0 0 0 0 0 1 0 ■ 1 0 0 
0 1 1 0 0 1 0 0 0 0 0 0 0 ■ 0 0 1 1 
0 0 0 0 0 0 0 0 0 0 0 1 ■ 1 1 0 0 0 
0 0 0 0 0 0 0 0 0 0 0 ■ 0 0 0 0 0 1 
0 0 0 0 0 1 0 0 0 0 ■ 0 1 0 0 0 0 0 
1 0 1 0 1 1 0 1 1 0 ■ 0 0 1 0 0 1 1 
0 0 0 0 0 0 1 0 0 1 1 3 1 0 0 0 0 0 

Coste acumulado hasta el momento: 85
Laberinto con el camino planificado:
1 1 1 0 0 0 1 0 0 0 0 0 0 0 1 4 1 0 
1 1 0 1 0 1 0 1 0 0 0 1 ■ . . 0 1 1 
0 1 0 0 0 0 0 0 1 0 0 0 0 ■ 0 1 0 0 
0 0 1 0 0 0 1 0 1 0 0 0 0 0 ■ 0 0 0 
1 0 1 0 0 0 0 0 0 0 1 0 0 1 1 ■ 1 0 
0 0 1 0 0 0 0 0 1 1 0 0 1 0 ■ ■ 0 1 
0 1 0 0 0 0 0 0 0 0 0 0 0 0 0 ■ 1 0 
0 0 0 0 1 1 0 0 0 0 0 0 0 0 ■ 1 1 1 
0 0 0 1 0 0 0 0 0 0 0 0 1 ■ 0 0 0 0 
0 1 0 0 0 0 1 1 1 0 0 0 ■ 0 0 0 1 1 
1 0 0 0 0 0 0 1 0 0 0 ■ 1 0 1 0 0 0 
1 1 0 0 0 0 0 0 1 0 ■ 0 0 0 1 0 0 0 
1 0 0 1 1 1 0 0 0 1 ■ 0 0 1 0 0 0 1 
0 0 0 0 0 0 1 0 0 0 0 3 1 0 0 0 0 0 

Coste acumulado hasta el momento: 90
Laberinto con el camino planificado:
0 0 0 0 1 0 0 0 0 0 0 0 0 1 0 4 0 0 
1 0 0 0 0 0 0 0 0 0 0 0 ■ ■ . 0 0 1 
1 0 0 0 0 0 0 0 1 1 1 0 0 ■ 0 0 0 0 
1 0 0 0 1 0 1 0 0 0 0 0 1 0 ■ 1 1 0 
0 0 0 1 1 0 0 0 0 0 0 1 1 0 1 ■ 1 1 
0 0 0 0 0 1 0 0 1 0 0 0 0 0 ■ ■ 0 0 
0 1 0 1 0 0 0 0 0 0 1 0 1 0 0 ■ 1 1 
0 0 0 0 1 0 0 1 0 0 0 0 1 0 ■ 0 1 0 
0 1 1 0 0 0 0 0 0 0 0 0 0 ■ 0 0 0 0 
0 0 1 0 0 0 0 1 1 0 1 0 ■ 0 0 1 0 0 
0 0 0 0 0 0 0 1 0 1 1 ■ 0 1 1 0 0 0 
0 0 1 0 0 0 0 0 0 0 ■ 0 0 0 0 1 0 0 
0 0 0 0 1 1 0 0 0 0 ■ 1 0 0 0 1 1 0 
1 0 0 0 0 0 1 1 1 1 0 3 0 1 0 0 0 0 

Coste acumulado hasta el momento: 95
Laberinto con el camino planificado:
1 0 1 0 0 1 0 0 1 0 0 0 1 0 1 4 0 0 
0 0 1 0 1 0 0 0 0 1 0 1 ■ ■ ■ 0 1 0 
0 1 1 0 1 0 1 0 0 0 0 0 0 ■ 0 1 0 0 
1 0 1 0 0 1 0 0 0 0 0 0 0 0 ■ 0 1 1 
0 0 0 0 0 0 0 0 0 0 0 0 0 1 1 ■ 0 0 
1 0 0 0 1 0 0 0 0 1 0 0 0 0 ■ ■ 0 1 
0 0 0 0 1 1 1 0 1 0 1 0 0 0 0 ■ 0 0 
0 0 1 0 0 0 1 0 0 0 0 0 0 0 ■ 0 0 1 
0 1 0 0 0 0 1 0 0 0 0 0 0 ■ 1 1 0 0 
0 0 0 0 0 0 0 1 1 0 0 1 ■ 1 0 0 0 0 
0 0 1 0 0 0 0 0 1 1 0 ■ 1 0 0 0 0 0 
0 1 1 1 1 0 1 0 0 1 ■ 0 1 0 0 0 0 0 
0 0 0 0 0 0 0 0 0 0 ■ 0 0 0 0 0 1 0 
0 0 0 0 0 0 1 1 0 0 0 3 0 0 0 0 0 0 

Coste acumulado hasta el momento: 102
¡Destino alcanzado!
