Laberinto actualizado:
Número de filas: 14
Número de columnas: 18
Entrada en: [9, 0]
Salida en: [1, 17]
Mapa del laberinto:

1 1 1 1 1 1 1 1 1 1 1 1 1 1 1 0 1 1 
1 0 0 1 0 0 0 0 0 0 0 0 0 0 0 0 0 4 
1 0 0 0 0 0 0 0 0 0 1 1 1 1 1 1 0 1 
1 0 0 0 0 1 0 0 0 0 0 0 0 0 0 1 0 1 
1 0 0 0 0 1 0 0 0 0 0 0 0 0 0 1 0 1 
1 0 0 0 0 1 0 0 0 0 0 0 0 0 0 1 0 1 
1 0 0 0 0 0 0 0 0 0 0 0 0 0 0 1 0 1 
1 0 0 0 0 0 0 0 0 0 0 0 0 0 0 0 0 1 
1 0 0 0 0 0 0 0 0 0 0 0 0 0 0 0 0 1 
3 0 1 1 1 1 1 1 1 1 1 1 1 1 1 1 1 1 
1 0 0 0 0 0 0 0 0 0 0 0 0 0 0 0 0 1 
1 0 0 0 0 0 0 0 0 0 0 0 0 0 0 0 0 1 
1 0 0 0 0 0 0 0 0 0 0 0 0 0 0 0 0 1 
1 1 1 1 1 1 1 1 1 1 1 0 1 1 1 1 1 1 


Información del laberinto: 
Número de filas: 14
Número de columnas: 18
Entrada en: [9, 0]
Salida en: [1, 17]
Mapa del laberinto:

1 1 1 1 1 1 1 1 1 1 1 1 1 1 1 0 1 1 
1 0 0 1 0 0 0 0 0 0 0 0 0 0 0 0 0 4 
1 0 0 0 0 0 0 0 0 0 1 1 1 1 1 1 0 1 
1 0 0 0 0 1 0 0 0 0 0 0 0 0 0 1 0 1 
1 0 0 0 0 1 0 0 0 0 0 0 0 0 0 1 0 1 
1 0 0 0 0 1 0 0 0 0 0 0 0 0 0 1 0 1 
1 0 0 0 0 0 0 0 0 0 0 0 0 0 0 1 0 1 
1 0 0 0 0 0 0 0 0 0 0 0 0 0 0 0 0 1 
1 0 0 0 0 0 0 0 0 0 0 0 0 0 0 0 0 1 
3 0 1 1 1 1 1 1 1 1 1 1 1 1 1 1 1 1 
1 0 0 0 0 0 0 0 0 0 0 0 0 0 0 0 0 1 
1 0 0 0 0 0 0 0 0 0 0 0 0 0 0 0 0 1 
1 0 0 0 0 0 0 0 0 0 0 0 0 0 0 0 0 1 
1 1 1 1 1 1 1 1 1 1 1 0 1 1 1 1 1 1 

Solución:
Camino encontrado con coste 101: 
1 1 1 1 1 1 1 1 1 1 1 1 1 1 1 0 1 1 
1 0 0 1 0 0 0 0 0 0 . . . . . . . 4 
1 0 0 0 0 0 0 0 0 . 1 1 1 1 1 1 0 1 
1 0 0 0 0 1 0 0 . 0 0 0 0 0 0 1 0 1 
1 0 0 0 0 1 0 . 0 0 0 0 0 0 0 1 0 1 
1 0 0 0 0 1 . 0 0 0 0 0 0 0 0 1 0 1 
1 0 0 . . . 0 0 0 0 0 0 0 0 0 1 0 1 
1 0 . 0 0 0 0 0 0 0 0 0 0 0 0 0 0 1 
1 . 0 0 0 0 0 0 0 0 0 0 0 0 0 0 0 1 
3 0 1 1 1 1 1 1 1 1 1 1 1 1 1 1 1 1 
1 0 0 0 0 0 0 0 0 0 0 0 0 0 0 0 0 1 
1 0 0 0 0 0 0 0 0 0 0 0 0 0 0 0 0 1 
1 0 0 0 0 0 0 0 0 0 0 0 0 0 0 0 0 1 
1 1 1 1 1 1 1 1 1 1 1 0 1 1 1 1 1 1 

