Laberinto actualizado:
Número de filas: 14
Número de columnas: 18
Entrada en: [10, 17]
Salida en: [0, 15]
Mapa del laberinto:

1 1 1 1 1 1 1 1 1 1 1 1 1 1 1 4 1 1 
1 0 0 1 0 0 0 0 0 0 0 0 0 0 0 0 0 1 
1 0 0 0 0 0 0 0 0 0 1 1 1 1 1 1 0 1 
1 0 0 0 0 1 0 0 0 0 0 0 0 0 0 1 0 1 
1 0 0 0 0 1 0 0 0 0 0 0 0 0 0 1 0 1 
1 0 0 0 0 1 0 0 0 0 0 0 0 0 0 1 0 1 
1 0 0 0 0 0 0 0 0 0 0 0 0 0 0 1 0 1 
1 0 0 0 0 0 0 0 0 0 0 0 0 0 0 0 0 1 
1 0 0 0 0 0 0 0 0 0 0 0 0 0 0 0 0 1 
0 0 1 1 1 1 1 1 1 1 1 1 1 1 1 1 1 1 
1 0 0 0 0 0 0 0 0 0 0 0 0 0 0 0 0 3 
1 0 0 0 0 0 0 0 0 0 0 0 0 0 0 0 0 1 
1 0 0 0 0 0 0 0 0 0 0 0 0 0 0 0 0 1 
1 1 1 1 1 1 1 1 1 1 1 0 1 1 1 1 1 1 


Información del laberinto: 
Número de filas: 14
Número de columnas: 18
Entrada en: [10, 17]
Salida en: [0, 15]
Mapa del laberinto:

1 1 1 1 1 1 1 1 1 1 1 1 1 1 1 4 1 1 
1 0 0 1 0 0 0 0 0 0 0 0 0 0 0 0 0 1 
1 0 0 0 0 0 0 0 0 0 1 1 1 1 1 1 0 1 
1 0 0 0 0 1 0 0 0 0 0 0 0 0 0 1 0 1 
1 0 0 0 0 1 0 0 0 0 0 0 0 0 0 1 0 1 
1 0 0 0 0 1 0 0 0 0 0 0 0 0 0 1 0 1 
1 0 0 0 0 0 0 0 0 0 0 0 0 0 0 1 0 1 
1 0 0 0 0 0 0 0 0 0 0 0 0 0 0 0 0 1 
1 0 0 0 0 0 0 0 0 0 0 0 0 0 0 0 0 1 
0 0 1 1 1 1 1 1 1 1 1 1 1 1 1 1 1 1 
1 0 0 0 0 0 0 0 0 0 0 0 0 0 0 0 0 3 
1 0 0 0 0 0 0 0 0 0 0 0 0 0 0 0 0 1 
1 0 0 0 0 0 0 0 0 0 0 0 0 0 0 0 0 1 
1 1 1 1 1 1 1 1 1 1 1 0 1 1 1 1 1 1 

Solución:
Camino encontrado con coste 170: 
1 1 1 1 1 1 1 1 1 1 1 1 1 1 1 4 1 1 
1 0 0 1 0 0 0 0 0 0 . . . . . 0 0 1 
1 0 0 0 0 0 0 0 0 . 1 1 1 1 1 1 0 1 
1 0 0 0 0 1 0 0 . 0 0 0 0 0 0 1 0 1 
1 0 0 0 0 1 0 . 0 0 0 0 0 0 0 1 0 1 
1 0 0 0 0 1 . 0 0 0 0 0 0 0 0 1 0 1 
1 0 0 0 . . 0 0 0 0 0 0 0 0 0 1 0 1 
1 0 0 . 0 0 0 0 0 0 0 0 0 0 0 0 0 1 
1 0 . 0 0 0 0 0 0 0 0 0 0 0 0 0 0 1 
0 . 1 1 1 1 1 1 1 1 1 1 1 1 1 1 1 1 
1 0 . . . . . . . . . . . . . . . 3 
1 0 0 0 0 0 0 0 0 0 0 0 0 0 0 0 0 1 
1 0 0 0 0 0 0 0 0 0 0 0 0 0 0 0 0 1 
1 1 1 1 1 1 1 1 1 1 1 0 1 1 1 1 1 1 

